{
 "cells": [
  {
   "cell_type": "code",
   "execution_count": 2,
   "metadata": {
    "collapsed": true
   },
   "outputs": [],
   "source": [
    "import numpy as np"
   ]
  },
  {
   "cell_type": "code",
   "execution_count": 3,
   "metadata": {
    "collapsed": true
   },
   "outputs": [],
   "source": [
    "arr = np.random.randn(4, 4)"
   ]
  },
  {
   "cell_type": "code",
   "execution_count": 4,
   "metadata": {
    "collapsed": false
   },
   "outputs": [
    {
     "data": {
      "text/plain": [
       "array([[ 1.70548347,  0.25539722,  2.17597794, -1.63069764],\n",
       "       [ 0.37110387,  0.03955814,  1.30398945,  1.1423734 ],\n",
       "       [ 0.07472211,  1.78800676,  0.25297093,  0.43440928],\n",
       "       [ 0.3882529 ,  0.66647998,  0.14750999,  0.68353844]])"
      ]
     },
     "execution_count": 4,
     "metadata": {},
     "output_type": "execute_result"
    }
   ],
   "source": [
    "arr"
   ]
  },
  {
   "cell_type": "code",
   "execution_count": 5,
   "metadata": {
    "collapsed": false
   },
   "outputs": [
    {
     "data": {
      "text/plain": [
       "array([[ 2,  2,  2, -2],\n",
       "       [ 2,  2,  2,  2],\n",
       "       [ 2,  2,  2,  2],\n",
       "       [ 2,  2,  2,  2]])"
      ]
     },
     "execution_count": 5,
     "metadata": {},
     "output_type": "execute_result"
    }
   ],
   "source": [
    "np.where(arr > 0, 2, -2)"
   ]
  },
  {
   "cell_type": "code",
   "execution_count": 6,
   "metadata": {
    "collapsed": false
   },
   "outputs": [
    {
     "data": {
      "text/plain": [
       "array([[ 2.        ,  2.        ,  2.        , -1.63069764],\n",
       "       [ 2.        ,  2.        ,  2.        ,  2.        ],\n",
       "       [ 2.        ,  2.        ,  2.        ,  2.        ],\n",
       "       [ 2.        ,  2.        ,  2.        ,  2.        ]])"
      ]
     },
     "execution_count": 6,
     "metadata": {},
     "output_type": "execute_result"
    }
   ],
   "source": [
    "np.where(arr > 0, 2, arr)"
   ]
  },
  {
   "cell_type": "markdown",
   "metadata": {},
   "source": [
    "### 数学和统计方法"
   ]
  },
  {
   "cell_type": "code",
   "execution_count": 7,
   "metadata": {
    "collapsed": true
   },
   "outputs": [],
   "source": [
    "arr = np.random.randn(4, 4)"
   ]
  },
  {
   "cell_type": "code",
   "execution_count": 8,
   "metadata": {
    "collapsed": false
   },
   "outputs": [
    {
     "data": {
      "text/plain": [
       "array([[ 0.08515283, -0.99688936,  0.10936469,  0.19799953],\n",
       "       [-1.20856435, -0.86098851,  1.17413421, -1.8086723 ],\n",
       "       [ 1.35789708,  0.3917919 , -0.6463659 , -1.11416341],\n",
       "       [ 0.91994368, -0.13051688,  0.8575389 ,  0.37672797]])"
      ]
     },
     "execution_count": 8,
     "metadata": {},
     "output_type": "execute_result"
    }
   ],
   "source": [
    "arr"
   ]
  },
  {
   "cell_type": "code",
   "execution_count": 9,
   "metadata": {
    "collapsed": false
   },
   "outputs": [
    {
     "data": {
      "text/plain": [
       "-0.080975619534318255"
      ]
     },
     "execution_count": 9,
     "metadata": {},
     "output_type": "execute_result"
    }
   ],
   "source": [
    "arr.mean()"
   ]
  },
  {
   "cell_type": "code",
   "execution_count": 10,
   "metadata": {
    "collapsed": false
   },
   "outputs": [
    {
     "data": {
      "text/plain": [
       "-0.080975619534318255"
      ]
     },
     "execution_count": 10,
     "metadata": {},
     "output_type": "execute_result"
    }
   ],
   "source": [
    "np.mean(arr)"
   ]
  },
  {
   "cell_type": "code",
   "execution_count": 11,
   "metadata": {
    "collapsed": false
   },
   "outputs": [
    {
     "data": {
      "text/plain": [
       "-1.2956099125490921"
      ]
     },
     "execution_count": 11,
     "metadata": {},
     "output_type": "execute_result"
    }
   ],
   "source": [
    "arr.sum()"
   ]
  },
  {
   "cell_type": "code",
   "execution_count": 12,
   "metadata": {
    "collapsed": false
   },
   "outputs": [],
   "source": [
    "arr = np.ones((3, 4))"
   ]
  },
  {
   "cell_type": "code",
   "execution_count": 13,
   "metadata": {
    "collapsed": false
   },
   "outputs": [
    {
     "data": {
      "text/plain": [
       "array([[ 1.,  1.,  1.,  1.],\n",
       "       [ 1.,  1.,  1.,  1.],\n",
       "       [ 1.,  1.,  1.,  1.]])"
      ]
     },
     "execution_count": 13,
     "metadata": {},
     "output_type": "execute_result"
    }
   ],
   "source": [
    "arr"
   ]
  },
  {
   "cell_type": "code",
   "execution_count": 14,
   "metadata": {
    "collapsed": false
   },
   "outputs": [],
   "source": [
    "arr[0] = 0"
   ]
  },
  {
   "cell_type": "code",
   "execution_count": 16,
   "metadata": {
    "collapsed": false
   },
   "outputs": [],
   "source": [
    "arr[2] = 2"
   ]
  },
  {
   "cell_type": "code",
   "execution_count": 17,
   "metadata": {
    "collapsed": false
   },
   "outputs": [
    {
     "data": {
      "text/plain": [
       "array([[ 0.,  0.,  0.,  0.],\n",
       "       [ 1.,  1.,  1.,  1.],\n",
       "       [ 2.,  2.,  2.,  2.]])"
      ]
     },
     "execution_count": 17,
     "metadata": {},
     "output_type": "execute_result"
    }
   ],
   "source": [
    "arr"
   ]
  },
  {
   "cell_type": "code",
   "execution_count": 18,
   "metadata": {
    "collapsed": false
   },
   "outputs": [
    {
     "data": {
      "text/plain": [
       "array([ 0.,  1.,  2.])"
      ]
     },
     "execution_count": 18,
     "metadata": {},
     "output_type": "execute_result"
    }
   ],
   "source": [
    "arr.mean(axis=1)\n",
    "# 纵轴均值"
   ]
  },
  {
   "cell_type": "code",
   "execution_count": 19,
   "metadata": {
    "collapsed": false
   },
   "outputs": [
    {
     "data": {
      "text/plain": [
       "array([ 1.,  1.,  1.,  1.])"
      ]
     },
     "execution_count": 19,
     "metadata": {},
     "output_type": "execute_result"
    }
   ],
   "source": [
    "arr.mean(axis=0)\n",
    "# 横轴均值"
   ]
  },
  {
   "cell_type": "code",
   "execution_count": 21,
   "metadata": {
    "collapsed": false
   },
   "outputs": [
    {
     "data": {
      "text/plain": [
       "array([ 0.,  1.,  2.])"
      ]
     },
     "execution_count": 21,
     "metadata": {},
     "output_type": "execute_result"
    }
   ],
   "source": [
    "arr.mean(axis=-1)"
   ]
  },
  {
   "cell_type": "code",
   "execution_count": 22,
   "metadata": {
    "collapsed": false
   },
   "outputs": [
    {
     "data": {
      "text/plain": [
       "array([ 3.,  3.,  3.,  3.])"
      ]
     },
     "execution_count": 22,
     "metadata": {},
     "output_type": "execute_result"
    }
   ],
   "source": [
    "arr.sum(0)\n",
    "# 纵轴总和"
   ]
  },
  {
   "cell_type": "code",
   "execution_count": 23,
   "metadata": {
    "collapsed": false
   },
   "outputs": [
    {
     "data": {
      "text/plain": [
       "array([ 0.,  4.,  8.])"
      ]
     },
     "execution_count": 23,
     "metadata": {},
     "output_type": "execute_result"
    }
   ],
   "source": [
    "arr.sum(1)\n",
    "# 横轴总和"
   ]
  },
  {
   "cell_type": "code",
   "execution_count": 25,
   "metadata": {
    "collapsed": true
   },
   "outputs": [],
   "source": [
    "arr = np.array([[0, 1, 2], [3, 4, 5], [6, 7, 8]])"
   ]
  },
  {
   "cell_type": "code",
   "execution_count": 26,
   "metadata": {
    "collapsed": false
   },
   "outputs": [
    {
     "data": {
      "text/plain": [
       "array([[ 0,  1,  2],\n",
       "       [ 3,  5,  7],\n",
       "       [ 9, 12, 15]])"
      ]
     },
     "execution_count": 26,
     "metadata": {},
     "output_type": "execute_result"
    }
   ],
   "source": [
    "arr.cumsum(0)"
   ]
  },
  {
   "cell_type": "code",
   "execution_count": 27,
   "metadata": {
    "collapsed": false
   },
   "outputs": [
    {
     "data": {
      "text/plain": [
       "array([[  0,   0,   0],\n",
       "       [  3,  12,  60],\n",
       "       [  6,  42, 336]])"
      ]
     },
     "execution_count": 27,
     "metadata": {},
     "output_type": "execute_result"
    }
   ],
   "source": [
    "arr.cumprod(1)"
   ]
  },
  {
   "cell_type": "code",
   "execution_count": 28,
   "metadata": {
    "collapsed": false
   },
   "outputs": [
    {
     "data": {
      "text/plain": [
       "array([[0, 1, 2],\n",
       "       [3, 4, 5],\n",
       "       [6, 7, 8]])"
      ]
     },
     "execution_count": 28,
     "metadata": {},
     "output_type": "execute_result"
    }
   ],
   "source": [
    "arr"
   ]
  },
  {
   "cell_type": "code",
   "execution_count": 29,
   "metadata": {
    "collapsed": true
   },
   "outputs": [],
   "source": [
    "arr = np.random.randn(100)"
   ]
  },
  {
   "cell_type": "code",
   "execution_count": 31,
   "metadata": {
    "collapsed": false
   },
   "outputs": [
    {
     "data": {
      "text/plain": [
       "60"
      ]
     },
     "execution_count": 31,
     "metadata": {},
     "output_type": "execute_result"
    }
   ],
   "source": [
    "(arr > 0).sum()"
   ]
  },
  {
   "cell_type": "code",
   "execution_count": 32,
   "metadata": {
    "collapsed": true
   },
   "outputs": [],
   "source": [
    "bools = np.array([False, False, True, False])"
   ]
  },
  {
   "cell_type": "code",
   "execution_count": 33,
   "metadata": {
    "collapsed": false
   },
   "outputs": [
    {
     "data": {
      "text/plain": [
       "True"
      ]
     },
     "execution_count": 33,
     "metadata": {},
     "output_type": "execute_result"
    }
   ],
   "source": [
    "bools.any()"
   ]
  },
  {
   "cell_type": "code",
   "execution_count": 34,
   "metadata": {
    "collapsed": false
   },
   "outputs": [
    {
     "data": {
      "text/plain": [
       "False"
      ]
     },
     "execution_count": 34,
     "metadata": {},
     "output_type": "execute_result"
    }
   ],
   "source": [
    "bools.all()"
   ]
  },
  {
   "cell_type": "code",
   "execution_count": 35,
   "metadata": {
    "collapsed": false
   },
   "outputs": [
    {
     "data": {
      "text/plain": [
       "True"
      ]
     },
     "execution_count": 35,
     "metadata": {},
     "output_type": "execute_result"
    }
   ],
   "source": [
    "np.any(bools)"
   ]
  },
  {
   "cell_type": "code",
   "execution_count": 36,
   "metadata": {
    "collapsed": false
   },
   "outputs": [
    {
     "data": {
      "text/plain": [
       "False"
      ]
     },
     "execution_count": 36,
     "metadata": {},
     "output_type": "execute_result"
    }
   ],
   "source": [
    "np.all(bools)"
   ]
  },
  {
   "cell_type": "markdown",
   "metadata": {},
   "source": [
    "#### 排序"
   ]
  },
  {
   "cell_type": "code",
   "execution_count": 38,
   "metadata": {
    "collapsed": false
   },
   "outputs": [],
   "source": [
    "arr = np.random.randn(8)"
   ]
  },
  {
   "cell_type": "code",
   "execution_count": 39,
   "metadata": {
    "collapsed": false
   },
   "outputs": [
    {
     "data": {
      "text/plain": [
       "array([  5.35689467e-01,   2.04695857e-01,   2.19204608e-01,\n",
       "         3.06991679e-04,   5.94163839e-01,   5.68163130e-01,\n",
       "        -1.14084145e-01,   3.06093198e-01])"
      ]
     },
     "execution_count": 39,
     "metadata": {},
     "output_type": "execute_result"
    }
   ],
   "source": [
    "arr"
   ]
  },
  {
   "cell_type": "code",
   "execution_count": 40,
   "metadata": {
    "collapsed": true
   },
   "outputs": [],
   "source": [
    "arr.sort()"
   ]
  },
  {
   "cell_type": "code",
   "execution_count": 41,
   "metadata": {
    "collapsed": false
   },
   "outputs": [
    {
     "data": {
      "text/plain": [
       "array([ -1.14084145e-01,   3.06991679e-04,   2.04695857e-01,\n",
       "         2.19204608e-01,   3.06093198e-01,   5.35689467e-01,\n",
       "         5.68163130e-01,   5.94163839e-01])"
      ]
     },
     "execution_count": 41,
     "metadata": {},
     "output_type": "execute_result"
    }
   ],
   "source": [
    "arr"
   ]
  },
  {
   "cell_type": "code",
   "execution_count": 42,
   "metadata": {
    "collapsed": true
   },
   "outputs": [],
   "source": [
    "arr = np.random.randn(5, 3)"
   ]
  },
  {
   "cell_type": "code",
   "execution_count": 43,
   "metadata": {
    "collapsed": false
   },
   "outputs": [
    {
     "data": {
      "text/plain": [
       "array([[ 2.03546994,  1.19845092, -2.25625468],\n",
       "       [-0.19073556, -1.18478008,  0.45703037],\n",
       "       [ 1.26821575,  0.9084357 ,  2.60790437],\n",
       "       [-1.25374546, -0.42519276,  0.45350698],\n",
       "       [ 2.37711465,  1.80094508, -0.0740709 ]])"
      ]
     },
     "execution_count": 43,
     "metadata": {},
     "output_type": "execute_result"
    }
   ],
   "source": [
    "arr"
   ]
  },
  {
   "cell_type": "code",
   "execution_count": 44,
   "metadata": {
    "collapsed": false
   },
   "outputs": [],
   "source": [
    "arr.sort(1)"
   ]
  },
  {
   "cell_type": "code",
   "execution_count": 45,
   "metadata": {
    "collapsed": false
   },
   "outputs": [
    {
     "data": {
      "text/plain": [
       "array([[-2.25625468,  1.19845092,  2.03546994],\n",
       "       [-1.18478008, -0.19073556,  0.45703037],\n",
       "       [ 0.9084357 ,  1.26821575,  2.60790437],\n",
       "       [-1.25374546, -0.42519276,  0.45350698],\n",
       "       [-0.0740709 ,  1.80094508,  2.37711465]])"
      ]
     },
     "execution_count": 45,
     "metadata": {},
     "output_type": "execute_result"
    }
   ],
   "source": [
    "arr"
   ]
  },
  {
   "cell_type": "code",
   "execution_count": 46,
   "metadata": {
    "collapsed": true
   },
   "outputs": [],
   "source": [
    "large_arr = np.random.randn(1000)"
   ]
  },
  {
   "cell_type": "code",
   "execution_count": 47,
   "metadata": {
    "collapsed": true
   },
   "outputs": [],
   "source": [
    "large_arr.sort()"
   ]
  },
  {
   "cell_type": "code",
   "execution_count": 48,
   "metadata": {
    "collapsed": false
   },
   "outputs": [
    {
     "data": {
      "text/plain": [
       "-1.4832431853591965"
      ]
     },
     "execution_count": 48,
     "metadata": {},
     "output_type": "execute_result"
    }
   ],
   "source": [
    "large_arr[int(0.05 * len(large_arr))]"
   ]
  },
  {
   "cell_type": "markdown",
   "metadata": {},
   "source": [
    "### 唯一化以及其他的集合逻辑"
   ]
  },
  {
   "cell_type": "code",
   "execution_count": 50,
   "metadata": {
    "collapsed": true
   },
   "outputs": [],
   "source": [
    "names = np.array(['Bob', 'Joe', 'Will', 'Bob', 'Will', 'Joe', 'Joe'])"
   ]
  },
  {
   "cell_type": "code",
   "execution_count": 51,
   "metadata": {
    "collapsed": false
   },
   "outputs": [
    {
     "data": {
      "text/plain": [
       "array(['Bob', 'Joe', 'Will'], \n",
       "      dtype='<U4')"
      ]
     },
     "execution_count": 51,
     "metadata": {},
     "output_type": "execute_result"
    }
   ],
   "source": [
    "np.unique(names)"
   ]
  },
  {
   "cell_type": "code",
   "execution_count": 52,
   "metadata": {
    "collapsed": true
   },
   "outputs": [],
   "source": [
    "ints = np.array([3, 3, 3, 2, 2, 1, 1, 4, 4])"
   ]
  },
  {
   "cell_type": "code",
   "execution_count": 54,
   "metadata": {
    "collapsed": false
   },
   "outputs": [
    {
     "data": {
      "text/plain": [
       "array([1, 2, 3, 4])"
      ]
     },
     "execution_count": 54,
     "metadata": {},
     "output_type": "execute_result"
    }
   ],
   "source": [
    "np.unique(ints)"
   ]
  },
  {
   "cell_type": "code",
   "execution_count": 55,
   "metadata": {
    "collapsed": false
   },
   "outputs": [
    {
     "data": {
      "text/plain": [
       "{'Bob', 'Joe', 'Will'}"
      ]
     },
     "execution_count": 55,
     "metadata": {},
     "output_type": "execute_result"
    }
   ],
   "source": [
    "set(names)"
   ]
  },
  {
   "cell_type": "code",
   "execution_count": 57,
   "metadata": {
    "collapsed": false
   },
   "outputs": [
    {
     "data": {
      "text/plain": [
       "['Bob', 'Joe', 'Will']"
      ]
     },
     "execution_count": 57,
     "metadata": {},
     "output_type": "execute_result"
    }
   ],
   "source": [
    "sorted(set(names))"
   ]
  },
  {
   "cell_type": "code",
   "execution_count": 58,
   "metadata": {
    "collapsed": true
   },
   "outputs": [],
   "source": [
    "values = np.array([6, 0, 0, 3, 2, 5, 6])"
   ]
  },
  {
   "cell_type": "code",
   "execution_count": 59,
   "metadata": {
    "collapsed": false
   },
   "outputs": [
    {
     "data": {
      "text/plain": [
       "array([ True, False, False,  True,  True, False,  True], dtype=bool)"
      ]
     },
     "execution_count": 59,
     "metadata": {},
     "output_type": "execute_result"
    }
   ],
   "source": [
    "np.in1d(values, [2, 3, 6])"
   ]
  },
  {
   "cell_type": "markdown",
   "metadata": {},
   "source": [
    "### 用于数组的文件输入输出"
   ]
  },
  {
   "cell_type": "code",
   "execution_count": null,
   "metadata": {
    "collapsed": true
   },
   "outputs": [],
   "source": []
  },
  {
   "cell_type": "markdown",
   "metadata": {},
   "source": [
    "#### 将数组以二进制格式保存到磁盘"
   ]
  },
  {
   "cell_type": "code",
   "execution_count": 61,
   "metadata": {
    "collapsed": true
   },
   "outputs": [],
   "source": [
    "arr = np.arange(10)"
   ]
  },
  {
   "cell_type": "code",
   "execution_count": 62,
   "metadata": {
    "collapsed": true
   },
   "outputs": [],
   "source": [
    "np.save('some_array', arr)"
   ]
  },
  {
   "cell_type": "code",
   "execution_count": 64,
   "metadata": {
    "collapsed": false
   },
   "outputs": [
    {
     "data": {
      "text/plain": [
       "array([0, 1, 2, 3, 4, 5, 6, 7, 8, 9])"
      ]
     },
     "execution_count": 64,
     "metadata": {},
     "output_type": "execute_result"
    }
   ],
   "source": [
    "np.load('some_array.npy')"
   ]
  },
  {
   "cell_type": "code",
   "execution_count": 65,
   "metadata": {
    "collapsed": true
   },
   "outputs": [],
   "source": [
    "np.savez('array_achieve.npz', a=arr, b=arr)"
   ]
  },
  {
   "cell_type": "code",
   "execution_count": 66,
   "metadata": {
    "collapsed": true
   },
   "outputs": [],
   "source": [
    "arch = np.load('array_achieve.npz')"
   ]
  },
  {
   "cell_type": "code",
   "execution_count": 67,
   "metadata": {
    "collapsed": false
   },
   "outputs": [
    {
     "data": {
      "text/plain": [
       "array([0, 1, 2, 3, 4, 5, 6, 7, 8, 9])"
      ]
     },
     "execution_count": 67,
     "metadata": {},
     "output_type": "execute_result"
    }
   ],
   "source": [
    "arch['b']"
   ]
  },
  {
   "cell_type": "code",
   "execution_count": 68,
   "metadata": {
    "collapsed": false
   },
   "outputs": [
    {
     "data": {
      "text/plain": [
       "<numpy.lib.npyio.NpzFile at 0x11500add8>"
      ]
     },
     "execution_count": 68,
     "metadata": {},
     "output_type": "execute_result"
    }
   ],
   "source": [
    "arch"
   ]
  },
  {
   "cell_type": "markdown",
   "metadata": {},
   "source": [
    "####  存取文本文件"
   ]
  },
  {
   "cell_type": "markdown",
   "metadata": {},
   "source": [
    "### 线性代数"
   ]
  },
  {
   "cell_type": "code",
   "execution_count": 70,
   "metadata": {
    "collapsed": false
   },
   "outputs": [],
   "source": [
    "x = np.array([[1., 2., 3.], [4., 5., 6.]])"
   ]
  },
  {
   "cell_type": "code",
   "execution_count": 71,
   "metadata": {
    "collapsed": true
   },
   "outputs": [],
   "source": [
    "y = np.array([[6., 23.], [-1, 7], [8, 9]])"
   ]
  },
  {
   "cell_type": "code",
   "execution_count": 72,
   "metadata": {
    "collapsed": false
   },
   "outputs": [
    {
     "data": {
      "text/plain": [
       "array([[ 1.,  2.,  3.],\n",
       "       [ 4.,  5.,  6.]])"
      ]
     },
     "execution_count": 72,
     "metadata": {},
     "output_type": "execute_result"
    }
   ],
   "source": [
    "x"
   ]
  },
  {
   "cell_type": "code",
   "execution_count": 73,
   "metadata": {
    "collapsed": false
   },
   "outputs": [
    {
     "data": {
      "text/plain": [
       "array([[  6.,  23.],\n",
       "       [ -1.,   7.],\n",
       "       [  8.,   9.]])"
      ]
     },
     "execution_count": 73,
     "metadata": {},
     "output_type": "execute_result"
    }
   ],
   "source": [
    "y"
   ]
  },
  {
   "cell_type": "code",
   "execution_count": 74,
   "metadata": {
    "collapsed": false
   },
   "outputs": [
    {
     "data": {
      "text/plain": [
       "array([[  28.,   64.],\n",
       "       [  67.,  181.]])"
      ]
     },
     "execution_count": 74,
     "metadata": {},
     "output_type": "execute_result"
    }
   ],
   "source": [
    "x.dot(y)"
   ]
  },
  {
   "cell_type": "code",
   "execution_count": 76,
   "metadata": {
    "collapsed": false
   },
   "outputs": [
    {
     "data": {
      "text/plain": [
       "array([ 1.,  1.,  1.])"
      ]
     },
     "execution_count": 76,
     "metadata": {},
     "output_type": "execute_result"
    }
   ],
   "source": [
    "np.ones(3)"
   ]
  },
  {
   "cell_type": "code",
   "execution_count": 75,
   "metadata": {
    "collapsed": false
   },
   "outputs": [
    {
     "data": {
      "text/plain": [
       "array([  6.,  15.])"
      ]
     },
     "execution_count": 75,
     "metadata": {},
     "output_type": "execute_result"
    }
   ],
   "source": [
    "np.dot(x, np.ones(3))"
   ]
  },
  {
   "cell_type": "code",
   "execution_count": 77,
   "metadata": {
    "collapsed": true
   },
   "outputs": [],
   "source": [
    "from numpy.linalg import inv, qr"
   ]
  },
  {
   "cell_type": "code",
   "execution_count": 78,
   "metadata": {
    "collapsed": true
   },
   "outputs": [],
   "source": [
    "X = np.random.randn(5, 5)"
   ]
  },
  {
   "cell_type": "code",
   "execution_count": 79,
   "metadata": {
    "collapsed": false
   },
   "outputs": [
    {
     "data": {
      "text/plain": [
       "array([[ 0.47883676,  0.14586922, -1.14743208, -0.76671968,  0.34699676],\n",
       "       [ 0.55087896, -1.61389381, -1.2149966 ,  0.21538315,  1.09270766],\n",
       "       [-0.94157324,  0.90139974, -1.80400679,  1.38058197,  0.22593834],\n",
       "       [ 1.74380275, -0.74714561, -0.99617971,  0.77685898,  1.78173579],\n",
       "       [-0.2920095 , -1.14425332,  0.33361105, -0.13772   ,  0.7236185 ]])"
      ]
     },
     "execution_count": 79,
     "metadata": {},
     "output_type": "execute_result"
    }
   ],
   "source": [
    "X"
   ]
  },
  {
   "cell_type": "code",
   "execution_count": 80,
   "metadata": {
    "collapsed": false
   },
   "outputs": [
    {
     "data": {
      "text/plain": [
       "array([[ 0.47883676,  0.55087896, -0.94157324,  1.74380275, -0.2920095 ],\n",
       "       [ 0.14586922, -1.61389381,  0.90139974, -0.74714561, -1.14425332],\n",
       "       [-1.14743208, -1.2149966 , -1.80400679, -0.99617971,  0.33361105],\n",
       "       [-0.76671968,  0.21538315,  1.38058197,  0.77685898, -0.13772   ],\n",
       "       [ 0.34699676,  1.09270766,  0.22593834,  1.78173579,  0.7236185 ]])"
      ]
     },
     "execution_count": 80,
     "metadata": {},
     "output_type": "execute_result"
    }
   ],
   "source": [
    "X.T"
   ]
  },
  {
   "cell_type": "code",
   "execution_count": 83,
   "metadata": {
    "collapsed": false
   },
   "outputs": [
    {
     "ename": "AttributeError",
     "evalue": "'numpy.ndarray' object has no attribute 'dotmat'",
     "output_type": "error",
     "traceback": [
      "\u001b[0;31m---------------------------------------------------------------------------\u001b[0m",
      "\u001b[0;31mAttributeError\u001b[0m                            Traceback (most recent call last)",
      "\u001b[0;32m<ipython-input-83-83b6516b5133>\u001b[0m in \u001b[0;36m<module>\u001b[0;34m()\u001b[0m\n\u001b[0;32m----> 1\u001b[0;31m \u001b[0mmat\u001b[0m \u001b[0;34m=\u001b[0m \u001b[0mX\u001b[0m\u001b[0;34m.\u001b[0m\u001b[0mT\u001b[0m\u001b[0;34m.\u001b[0m\u001b[0mdotmat\u001b[0m\u001b[0;34m(\u001b[0m\u001b[0mX\u001b[0m\u001b[0;34m)\u001b[0m\u001b[0;34m\u001b[0m\u001b[0m\n\u001b[0m",
      "\u001b[0;31mAttributeError\u001b[0m: 'numpy.ndarray' object has no attribute 'dotmat'"
     ]
    }
   ],
   "source": [
    "mat = X.T.dot(X)"
   ]
  },
  {
   "cell_type": "code",
   "execution_count": 84,
   "metadata": {
    "collapsed": false
   },
   "outputs": [
    {
     "data": {
      "text/plain": [
       "array([[ 4.54542999, -2.63668819, -1.35470272, -0.15349818,  3.45105926],\n",
       "       [-2.63668819,  5.30599477,  0.52992498,  0.36216968, -3.66845617],\n",
       "       [-1.35470272,  0.52992498,  7.15092795, -2.69234635, -3.66690752],\n",
       "       [-0.15349818,  0.36216968, -2.69234635,  3.16273223,  1.56572868],\n",
       "       [ 3.45105926, -3.66845617, -3.66690752,  1.56572868,  5.06367107]])"
      ]
     },
     "execution_count": 84,
     "metadata": {},
     "output_type": "execute_result"
    }
   ],
   "source": [
    "mat"
   ]
  },
  {
   "cell_type": "code",
   "execution_count": 85,
   "metadata": {
    "collapsed": false
   },
   "outputs": [
    {
     "data": {
      "text/plain": [
       "array([[ 0.81274759, -0.41288938, -0.24283727,  0.45973871, -1.17104656],\n",
       "       [-0.41288938,  0.93822472,  0.37830269, -0.49220672,  1.38725542],\n",
       "       [-0.24283727,  0.37830269,  0.44042713, -0.0657513 ,  0.77883947],\n",
       "       [ 0.45973871, -0.49220672, -0.0657513 ,  0.81955659, -0.97094212],\n",
       "       [-1.17104656,  1.38725542,  0.77883947, -0.97094212,  2.86483874]])"
      ]
     },
     "execution_count": 85,
     "metadata": {},
     "output_type": "execute_result"
    }
   ],
   "source": [
    "inv(mat)"
   ]
  },
  {
   "cell_type": "code",
   "execution_count": 86,
   "metadata": {
    "collapsed": false
   },
   "outputs": [
    {
     "data": {
      "text/plain": [
       "array([[  1.00000000e+00,   2.18702357e-17,  -6.01533976e-17,\n",
       "          9.98111623e-17,   8.55968690e-17],\n",
       "       [  2.13424160e-16,   1.00000000e+00,  -2.29135716e-16,\n",
       "         -3.47499401e-16,  -9.51838167e-16],\n",
       "       [ -6.42751410e-16,   1.45544167e-16,   1.00000000e+00,\n",
       "         -5.99632938e-16,   1.23638052e-15],\n",
       "       [ -1.46812742e-16,  -7.67502496e-17,  -1.26930706e-16,\n",
       "          1.00000000e+00,  -3.44972676e-16],\n",
       "       [ -5.56384176e-16,   5.31436089e-16,   4.95243144e-16,\n",
       "          1.16606135e-16,   1.00000000e+00]])"
      ]
     },
     "execution_count": 86,
     "metadata": {},
     "output_type": "execute_result"
    }
   ],
   "source": [
    "mat.dot(inv(mat))"
   ]
  },
  {
   "cell_type": "code",
   "execution_count": 87,
   "metadata": {
    "collapsed": true
   },
   "outputs": [],
   "source": [
    "q, r =qr(mat)"
   ]
  },
  {
   "cell_type": "code",
   "execution_count": 88,
   "metadata": {
    "collapsed": false
   },
   "outputs": [
    {
     "data": {
      "text/plain": [
       "array([[-6.43285703,  6.12615484,  4.58331026, -1.07458225, -7.39350884],\n",
       "       [ 0.        , -3.38311841,  1.60446702, -0.85257188,  0.95248761],\n",
       "       [ 0.        ,  0.        , -7.09687979,  3.77861736,  3.27833434],\n",
       "       [ 0.        ,  0.        ,  0.        , -1.92309228, -0.71453953],\n",
       "       [ 0.        ,  0.        ,  0.        ,  0.        ,  0.2767923 ]])"
      ]
     },
     "execution_count": 88,
     "metadata": {},
     "output_type": "execute_result"
    }
   ],
   "source": [
    "r"
   ]
  },
  {
   "cell_type": "markdown",
   "metadata": {},
   "source": [
    "### 随机数生成"
   ]
  },
  {
   "cell_type": "code",
   "execution_count": 89,
   "metadata": {
    "collapsed": true
   },
   "outputs": [],
   "source": [
    "samples = np.random.randn(4, 4)"
   ]
  },
  {
   "cell_type": "code",
   "execution_count": 90,
   "metadata": {
    "collapsed": false
   },
   "outputs": [
    {
     "data": {
      "text/plain": [
       "array([[ 0.10772411, -0.54124547,  0.67006531, -0.55743533],\n",
       "       [ 0.48996267,  0.13785058, -0.3194602 , -0.84614658],\n",
       "       [-0.04791363, -0.11676555, -0.39028748,  0.89221849],\n",
       "       [-1.98591773,  0.7509474 ,  1.59633783, -0.86659466]])"
      ]
     },
     "execution_count": 90,
     "metadata": {},
     "output_type": "execute_result"
    }
   ],
   "source": [
    "samples"
   ]
  },
  {
   "cell_type": "code",
   "execution_count": 91,
   "metadata": {
    "collapsed": true
   },
   "outputs": [],
   "source": [
    "from random import normalvariate"
   ]
  },
  {
   "cell_type": "code",
   "execution_count": 92,
   "metadata": {
    "collapsed": true
   },
   "outputs": [],
   "source": [
    "N = 1000000"
   ]
  },
  {
   "cell_type": "code",
   "execution_count": 94,
   "metadata": {
    "collapsed": false
   },
   "outputs": [
    {
     "name": "stdout",
     "output_type": "stream",
     "text": [
      "1 loop, best of 3: 935 ms per loop\n"
     ]
    }
   ],
   "source": [
    "%timeit samples = [normalvariate(0, 1) for _ in range(N)]"
   ]
  },
  {
   "cell_type": "code",
   "execution_count": 95,
   "metadata": {
    "collapsed": false
   },
   "outputs": [
    {
     "name": "stdout",
     "output_type": "stream",
     "text": [
      "10 loops, best of 3: 34.8 ms per loop\n"
     ]
    }
   ],
   "source": [
    "%timeit np.random.normal(size=N)"
   ]
  },
  {
   "cell_type": "markdown",
   "metadata": {},
   "source": [
    "### 范例：随机漫步"
   ]
  },
  {
   "cell_type": "code",
   "execution_count": 108,
   "metadata": {
    "collapsed": false
   },
   "outputs": [],
   "source": [
    "import random\n",
    "position = 0\n",
    "walk = [position]\n",
    "steps = 1000\n",
    "for i in range(steps):\n",
    "    step = 1 if random.randint(0, 1) else -1\n",
    "    position += step\n",
    "    walk.append(position)"
   ]
  },
  {
   "cell_type": "code",
   "execution_count": 107,
   "metadata": {
    "collapsed": false
   },
   "outputs": [
    {
     "data": {
      "text/plain": [
       "[0,\n",
       " -1,\n",
       " -2,\n",
       " -1,\n",
       " -2,\n",
       " -3,\n",
       " -2,\n",
       " -3,\n",
       " -2,\n",
       " -3,\n",
       " -4,\n",
       " -5,\n",
       " -4,\n",
       " -3,\n",
       " -4,\n",
       " -3,\n",
       " -4,\n",
       " -3,\n",
       " -4,\n",
       " -5,\n",
       " -4,\n",
       " -5,\n",
       " -4,\n",
       " -5,\n",
       " -6,\n",
       " -5,\n",
       " -6,\n",
       " -5,\n",
       " -4,\n",
       " -5,\n",
       " -4,\n",
       " -5,\n",
       " -4,\n",
       " -3,\n",
       " -2,\n",
       " -1,\n",
       " 0,\n",
       " -1,\n",
       " 0,\n",
       " -1,\n",
       " 0,\n",
       " -1,\n",
       " 0,\n",
       " -1,\n",
       " 0,\n",
       " 1,\n",
       " 2,\n",
       " 3,\n",
       " 4,\n",
       " 3,\n",
       " 2,\n",
       " 1,\n",
       " 0,\n",
       " 1,\n",
       " 0,\n",
       " 1,\n",
       " 2,\n",
       " 1,\n",
       " 2,\n",
       " 3,\n",
       " 4,\n",
       " 3,\n",
       " 4,\n",
       " 3,\n",
       " 4,\n",
       " 3,\n",
       " 2,\n",
       " 1,\n",
       " 0,\n",
       " 1,\n",
       " 0,\n",
       " -1,\n",
       " 0,\n",
       " -1,\n",
       " -2,\n",
       " -3,\n",
       " -4,\n",
       " -3,\n",
       " -2,\n",
       " -1,\n",
       " 0,\n",
       " -1,\n",
       " -2,\n",
       " -3,\n",
       " -2,\n",
       " -1,\n",
       " -2,\n",
       " -3,\n",
       " -4,\n",
       " -5,\n",
       " -6,\n",
       " -5,\n",
       " -4,\n",
       " -3,\n",
       " -2,\n",
       " -3,\n",
       " -2,\n",
       " -1,\n",
       " -2,\n",
       " -1]"
      ]
     },
     "execution_count": 107,
     "metadata": {},
     "output_type": "execute_result"
    }
   ],
   "source": [
    "walk[: 100]"
   ]
  },
  {
   "cell_type": "code",
   "execution_count": 114,
   "metadata": {
    "collapsed": false
   },
   "outputs": [
    {
     "data": {
      "text/plain": [
       "0"
      ]
     },
     "execution_count": 114,
     "metadata": {},
     "output_type": "execute_result"
    }
   ],
   "source": [
    "random.randint(0, 1)"
   ]
  },
  {
   "cell_type": "code",
   "execution_count": 128,
   "metadata": {
    "collapsed": false
   },
   "outputs": [
    {
     "data": {
