{
 "cells": [
  {
   "cell_type": "markdown",
   "metadata": {},
   "source": [
    "# NumPy 的 matrix 类"
   ]
  },
  {
   "cell_type": "code",
   "execution_count": 2,
   "metadata": {
    "collapsed": true
   },
   "outputs": [],
   "source": [
    "import numpy as np"
   ]
  },
  {
   "cell_type": "code",
   "execution_count": 3,
   "metadata": {
    "collapsed": true
   },
   "outputs": [],
   "source": [
    "X = np.random.randn(4, 4)"
   ]
  },
  {
   "cell_type": "code",
   "execution_count": 4,
   "metadata": {
    "collapsed": false
   },
   "outputs": [
    {
     "data": {
      "text/plain": [
       "array([[-2.40548499,  1.37805667, -0.01911392,  1.4639204 ],\n",
       "       [ 0.826417  , -1.52044687,  0.12776436,  1.54065964],\n",
       "       [-1.20665949,  0.5092859 , -1.3601811 , -0.94645261],\n",
       "       [-0.02962913,  0.17889911,  1.01584549, -1.55881591]])"
      ]
     },
     "execution_count": 4,
     "metadata": {},
     "output_type": "execute_result"
    }
   ],
   "source": [
    "X"
   ]
  },
  {
   "cell_type": "code",
   "execution_count": 6,
   "metadata": {
    "collapsed": false
   },
   "outputs": [],
   "source": [
    "y = X[:, :1]"
   ]
  },
  {
   "cell_type": "code",
   "execution_count": 7,
   "metadata": {
    "collapsed": false
   },
   "outputs": [
    {
     "data": {
      "text/plain": [
       "array([[-2.40548499,  1.37805667, -0.01911392,  1.4639204 ],\n",
       "       [ 0.826417  , -1.52044687,  0.12776436,  1.54065964],\n",
       "       [-1.20665949,  0.5092859 , -1.3601811 , -0.94645261],\n",
       "       [-0.02962913,  0.17889911,  1.01584549, -1.55881591]])"
      ]
     },
     "execution_count": 7,
     "metadata": {},
     "output_type": "execute_result"
    }
   ],
   "source": [
    "X"
   ]
  },
  {
   "cell_type": "code",
   "execution_count": 8,
   "metadata": {
    "collapsed": false
   },
   "outputs": [
    {
     "data": {
      "text/plain": [
       "array([[-2.40548499],\n",
       "       [ 0.826417  ],\n",
       "       [-1.20665949],\n",
       "       [-0.02962913]])"
      ]
     },
     "execution_count": 8,
     "metadata": {},
     "output_type": "execute_result"
    }
   ],
   "source": [
    "y"
   ]
  },
  {
   "cell_type": "code",
   "execution_count": 9,
   "metadata": {
    "collapsed": false
   },
   "outputs": [
    {
     "data": {
      "text/plain": [
       "array([[-25.4521853]])"
      ]
     },
     "execution_count": 9,
     "metadata": {},
     "output_type": "execute_result"
    }
   ],
   "source": [
    "np.dot(y.T, np.dot(X, y))"
   ]
  },
  {
   "cell_type": "code",
   "execution_count": 10,
   "metadata": {
    "collapsed": false
   },
   "outputs": [
    {
     "data": {
      "text/plain": [
       "array([[ 6.90489682],\n",
       "       [-3.44427332],\n",
       "       [ 4.9928018 ],\n",
       "       [-0.96047555]])"
      ]
     },
     "execution_count": 10,
     "metadata": {},
     "output_type": "execute_result"
    }
   ],
   "source": [
    "np.dot(X, y)"
   ]
  },
  {
   "cell_type": "code",
   "execution_count": 11,
   "metadata": {
    "collapsed": true
   },
   "outputs": [],
   "source": [
    "Xm = np.matrix(X)"
   ]
  },
  {
   "cell_type": "code",
   "execution_count": 12,
   "metadata": {
    "collapsed": true
   },
   "outputs": [],
   "source": [
    "ym = Xm[:, 0]"
   ]
  },
  {
   "cell_type": "code",
   "execution_count": 13,
   "metadata": {
    "collapsed": false
   },
   "outputs": [
    {
     "data": {
      "text/plain": [
       "matrix([[-2.40548499,  1.37805667, -0.01911392,  1.4639204 ],\n",
       "        [ 0.826417  , -1.52044687,  0.12776436,  1.54065964],\n",
       "        [-1.20665949,  0.5092859 , -1.3601811 , -0.94645261],\n",
       "        [-0.02962913,  0.17889911,  1.01584549, -1.55881591]])"
      ]
     },
     "execution_count": 13,
     "metadata": {},
     "output_type": "execute_result"
    }
   ],
   "source": [
    "Xm"
   ]
  },
  {
   "cell_type": "code",
   "execution_count": 14,
   "metadata": {
    "collapsed": false
   },
   "outputs": [
    {
     "data": {
      "text/plain": [
       "matrix([[-2.40548499],\n",
       "        [ 0.826417  ],\n",
       "        [-1.20665949],\n",
       "        [-0.02962913]])"
      ]
     },
     "execution_count": 14,
     "metadata": {},
     "output_type": "execute_result"
    }
   ],
   "source": [
    "ym"
   ]
  },
  {
   "cell_type": "code",
   "execution_count": 15,
   "metadata": {
    "collapsed": false
   },
   "outputs": [
    {
     "data": {
      "text/plain": [
       "matrix([[-25.4521853]])"
      ]
     },
     "execution_count": 15,
     "metadata": {},
     "output_type": "execute_result"
    }
   ],
   "source": [
    "ym.T * Xm * ym"
   ]
  },
  {
   "cell_type": "code",
   "execution_count": 16,
   "metadata": {
    "collapsed": false
   },
   "outputs": [
    {
     "data": {
      "text/plain": [
       "matrix([[-0.35539782, -0.5535578 , -0.48496727, -0.58641931],\n",
       "        [-0.0372028 , -0.95540474, -0.5645459 , -0.63644431],\n",
       "        [ 0.20614689,  0.13920337, -0.32864952,  0.53072262],\n",
       "        [ 0.13682691, -0.00841056, -0.26974625, -0.35754835]])"
      ]
     },
     "execution_count": 16,
     "metadata": {},
     "output_type": "execute_result"
    }
   ],
   "source": [
    "Xm.I"
   ]
  },
  {
   "cell_type": "code",
   "execution_count": 17,
   "metadata": {
    "collapsed": false
   },
   "outputs": [
    {
     "data": {
      "text/plain": [
       "matrix([[  1.00000000e+00,   0.00000000e+00,  -1.11022302e-16,\n",
       "           1.66533454e-16],\n",
       "        [  1.11022302e-16,   1.00000000e+00,  -2.22044605e-16,\n",
       "           4.99600361e-16],\n",
       "        [  8.32667268e-17,  -5.55111512e-17,   1.00000000e+00,\n",
       "          -2.22044605e-16],\n",
       "        [  5.76795556e-17,  -1.38777878e-17,   0.00000000e+00,\n",
       "           1.00000000e+00]])"
      ]
     },
     "execution_count": 17,
     "metadata": {},
     "output_type": "execute_result"
    }
   ],
   "source": [
    "Xm.I * Xm"
   ]
  },
  {
   "cell_type": "markdown",
   "metadata": {},
   "source": [
    "# 高级数组输入输出"
   ]
  },
  {
   "cell_type": "markdown",
   "metadata": {},
   "source": [
    "## 内存映像文件"
   ]
  },
  {
   "cell_type": "code",
   "execution_count": 18,
   "metadata": {
    "collapsed": true
   },
   "outputs": [],
   "source": [
    "mmap = np.memmap('mymmap', dtype='float64', mode='w+', shape=(10000, 10000))"
   ]
  },
  {
   "cell_type": "code",
   "execution_count": 19,
   "metadata": {
    "collapsed": false
   },
   "outputs": [
    {
     "data": {
      "text/plain": [
       "memmap([[ 0.,  0.,  0., ...,  0.,  0.,  0.],\n",
       "       [ 0.,  0.,  0., ...,  0.,  0.,  0.],\n",
       "       [ 0.,  0.,  0., ...,  0.,  0.,  0.],\n",
       "       ..., \n",
       "       [ 0.,  0.,  0., ...,  0.,  0.,  0.],\n",
       "       [ 0.,  0.,  0., ...,  0.,  0.,  0.],\n",
       "       [ 0.,  0.,  0., ...,  0.,  0.,  0.]])"
      ]
     },
     "execution_count": 19,
     "metadata": {},
     "output_type": "execute_result"
    }
   ],
   "source": [
    "mmap"
   ]
  },
  {
   "cell_type": "code",
   "execution_count": 20,
   "metadata": {
    "collapsed": true
   },
   "outputs": [],
   "source": [
    "section = mmap[:5]"
   ]
  },
  {
   "cell_type": "code",
   "execution_count": 21,
   "metadata": {
    "collapsed": true
   },
   "outputs": [],
   "source": [
    "section[:] = np.random.randn(5, 10000)"
   ]
  },
  {
   "cell_type": "code",
   "execution_count": 23,
   "metadata": {
    "collapsed": false
   },
   "outputs": [],
   "source": [
    "mmap.flush()"
   ]
  },
  {
   "cell_type": "code",
   "execution_count": 24,
   "metadata": {
    "collapsed": false
   },
   "outputs": [
    {
     "data": {
      "text/plain": [
       "memmap([[ 0.88044869,  1.40057701, -1.73986662, ...,  1.08356244,\n",
       "         0.87726008, -0.41127651],\n",
       "       [ 0.04396808,  1.94078257,  2.33590916, ..., -0.73248696,\n",
       "         0.18581784, -0.2254842 ],\n",
       "       [-0.97653542, -0.47446806,  0.05884199, ...,  1.00957699,\n",
       "        -0.26135453,  0.33832396],\n",
       "       ..., \n",
       "       [ 0.        ,  0.        ,  0.        , ...,  0.        ,\n",
       "         0.        ,  0.        ],\n",
       "       [ 0.        ,  0.        ,  0.        , ...,  0.        ,\n",
       "         0.        ,  0.        ],\n",
       "       [ 0.        ,  0.        ,  0.        , ...,  0.        ,\n",
       "         0.        ,  0.        ]])"
      ]
     },
     "execution_count": 24,
     "metadata": {},
     "output_type": "execute_result"
    }
   ],
   "source": [
    "mmap"
   ]
  },
  {
   "cell_type": "code",
   "execution_count": 25,
   "metadata": {
    "collapsed": true
   },
   "outputs": [],
   "source": [
    "del mmap"
   ]
  },
  {
   "cell_type": "code",
   "execution_count": 26,
   "metadata": {
    "collapsed": true
   },
   "outputs": [],
   "source": [
    "mmap = np.memmap('mymmap', dtype='float64', shape=(10000, 10000))"
   ]
  },
  {
   "cell_type": "code",
   "execution_count": 27,
   "metadata": {
    "collapsed": false
   },
   "outputs": [
    {
     "data": {
      "text/plain": [
       "memmap([[ 0.88044869,  1.40057701, -1.73986662, ...,  1.08356244,\n",
       "         0.87726008, -0.41127651],\n",
       "       [ 0.04396808,  1.94078257,  2.33590916, ..., -0.73248696,\n",
       "         0.18581784, -0.2254842 ],\n",
       "       [-0.97653542, -0.47446806,  0.05884199, ...,  1.00957699,\n",
       "        -0.26135453,  0.33832396],\n",
       "       ..., \n",
       "       [ 0.        ,  0.        ,  0.        , ...,  0.        ,\n",
       "         0.        ,  0.        ],\n",
       "       [ 0.        ,  0.        ,  0.        , ...,  0.        ,\n",
       "         0.        ,  0.        ],\n",
       "       [ 0.        ,  0.        ,  0.        , ...,  0.        ,\n",
       "         0.        ,  0.        ]])"
      ]
     },
     "execution_count": 27,
     "metadata": {},
     "output_type": "execute_result"
    }
   ],
   "source": [
    "mmap"
   ]
  },
  {
   "cell_type": "markdown",
   "metadata": {},
   "source": [
    "## HDF5 及其他数组存储方式"
   ]
  },
  {
   "cell_type": "markdown",
   "metadata": {},
   "source": [
    "# 性能建议"
   ]
  },
  {
   "cell_type": "markdown",
   "metadata": {},
   "source": [
    "## 连续内存的重要性 "
   ]
  },
  {
   "cell_type": "code",
   "execution_count": 28,
   "metadata": {
    "collapsed": true
   },
   "outputs": [],
   "source": [
    "arr_c = np.ones((1000, 1000), order='C')"
   ]
  },
  {
   "cell_type": "code",
   "execution_count": 29,
   "metadata": {
    "collapsed": true
   },
   "outputs": [],
   "source": [
    "arr_f = np.ones((1000, 1000), order='F')"
   ]
  },
  {
   "cell_type": "code",
   "execution_count": 30,
   "metadata": {
    "collapsed": false
   },
   "outputs": [
    {
     "data": {
      "text/plain": [
       "  C_CONTIGUOUS : True\n",
       "  F_CONTIGUOUS : False\n",
       "  OWNDATA : True\n",
       "  WRITEABLE : True\n",
       "  ALIGNED : True\n",
       "  UPDATEIFCOPY : False"
      ]
     },
     "execution_count": 30,
     "metadata": {},
     "output_type": "execute_result"
    }
   ],
   "source": [
    "arr_c.flags"
   ]
  },
  {
   "cell_type": "code",
   "execution_count": 31,
   "metadata": {
    "collapsed": false
   },
   "outputs": [
    {
     "data": {
      "text/plain": [
       "  C_CONTIGUOUS : False\n",
       "  F_CONTIGUOUS : True\n",
       "  OWNDATA : True\n",
       "  WRITEABLE : True\n",
       "  ALIGNED : True\n",
       "  UPDATEIFCOPY : False"
      ]
     },
     "execution_count": 31,
     "metadata": {},
     "output_type": "execute_result"
    }
   ],
   "source": [
    "arr_f.flags"
   ]
  },
  {
   "cell_type": "code",
   "execution_count": 32,
   "metadata": {
    "collapsed": false
   },
   "outputs": [
    {
     "data": {
      "text/plain": [
       "True"
      ]
     },
     "execution_count": 32,
     "metadata": {},
     "output_type": "execute_result"
    }
   ],
   "source": [
    "arr_f.flags.f_contiguous"
   ]
  },
  {
   "cell_type": "code",
   "execution_count": 33,
   "metadata": {
    "collapsed": false
   },
   "outputs": [
    {
     "name": "stdout",
     "output_type": "stream",
     "text": [
      "1000 loops, best of 3: 571 µs per loop\n"
     ]
    }
   ],
   "source": [
    "%timeit arr_c.sum(1)"
   ]
  },
  {
   "cell_type": "code",
   "execution_count": 34,
   "metadata": {
    "collapsed": false
   },
   "outputs": [
    {
     "name": "stdout",
     "output_type": "stream",
     "text": [
      "1000 loops, best of 3: 663 µs per loop\n"
     ]
    }
   ],
   "source": [
    "%timeit arr_f.sum(1)"
   ]
  },
  {
   "cell_type": "code",
   "execution_count": 35,
   "metadata": {
    "collapsed": false
   },
   "outputs": [
    {
     "data": {
      "text/plain": [
       "  C_CONTIGUOUS : True\n",
       "  F_CONTIGUOUS : False\n",
       "  OWNDATA : True\n",
       "  WRITEABLE : True\n",
       "  ALIGNED : True\n",
       "  UPDATEIFCOPY : False"
      ]
     },
     "execution_count": 35,
     "metadata": {},
     "output_type": "execute_result"
    }
   ],
   "source": [
    "arr_f.copy('C').flags"
   ]
  },
  {
   "cell_type": "code",
   "execution_count": 36,
   "metadata": {
    "collapsed": false
   },
   "outputs": [
    {
     "data": {
      "text/plain": [
       "True"
      ]
     },
     "execution_count": 36,
     "metadata": {},
     "output_type": "execute_result"
    }
   ],
   "source": [
    "arr_c[:50].flags.contiguous"
   ]
  },
  {
   "cell_type": "code",
   "execution_count": 37,
   "metadata": {
    "collapsed": false
   },
   "outputs": [
    {
     "data": {
      "text/plain": [
       "  C_CONTIGUOUS : False\n",
       "  F_CONTIGUOUS : False\n",
       "  OWNDATA : False\n",
       "  WRITEABLE : True\n",
       "  ALIGNED : True\n",
       "  UPDATEIFCOPY : False"
      ]
     },
     "execution_count": 37,
     "metadata": {},
     "output_type": "execute_result"
    }
   ],
   "source": [
    "arr_c[:, :50].flags"
   ]
  },
  {
   "cell_type": "markdown",
   "metadata": {},
   "source": [
    "## 其他加速手段：Cython、f2py、C"
   ]
  },
  {
   "cell_type": "markdown",
   "metadata": {},
   "source": [
    "    from numpy cimport ndarray, float64_t\n",
    "\n",
    "    def sum_elements(ndarray[float64_t] arr):\n",
    "        cdef Py_ssizet, i, n = len(arr)\n",
    "        cdef float64_t result = 0\n",
    "\n",
    "        for i in range(n):\n",
    "            result += arr[i]\n",
    "\n",
    "        return result"
   ]
  },
  {
   "cell_type": "code",
   "execution_count": null,
   "metadata": {
    "collapsed": true
   },
   "outputs": [],
   "source": []
  }
 ],
 "metadata": {
  "kernelspec": {
   "display_name": "Python 3",
   "language": "python",
   "name": "python3"
  },
  "language_info": {
   "codemirror_mode": {
    "name": "ipython",
    "version": 3
   },
   "file_extension": ".py",
   "mimetype": "text/x-python",
   "name": "python",
   "nbconvert_exporter": "python",
   "pygments_lexer": "ipython3",
   "version": "3.6.0"
  }
 },
 "nbformat": 4,
 "nbformat_minor": 2
}
